100 3000 250 250: 0.47 0.47 0.47 None 
100 3000 50 50: 0.47 0.47 0.47 None 
100 3000 50 100: 0.54 0.54 0.54 None 
100 3000 50 150: 0.51 0.51 0.51 None 
100 3000 50 200: 0.47 0.47 0.47 None 
100 3000 50 250: 0.47 0.47 0.47 None 
100 3000 100 50: 0.49 0.49 0.49 None 
100 3000 100 100: 0.48 0.48 0.48 None 
100 3000 100 150: 0.58 0.58 0.58 None 
100 3000 100 200: 0.55 0.55 0.55 None 
100 3000 100 250: 0.54 0.54 0.54 None 
100 3000 150 50: 0.56 0.56 0.56 None 
100 3000 150 100: 0.47 0.47 0.47 None 
100 3000 150 150: 0.5 0.5 0.5 None 
100 3000 150 200: 0.53 0.53 0.53 None 
100 3000 150 250: 0.57 0.57 0.57 None 
100 3000 200 50: 0.46 0.46 0.46 None 
100 3000 200 100: 0.47 0.47 0.47 None 
100 3000 200 150: 0.57 0.57 0.57 None 
100 3000 200 200: 0.5 0.5 0.5 None 
100 3000 200 250: 0.46 0.46 0.46 None 
100 3000 250 50: 0.48 0.48 0.48 None 
100 3000 250 100: 0.52 0.52 0.52 None 
100 3000 250 150: 0.46 0.46 0.46 None 
100 3000 250 200: 0.5 0.5 0.5 None 
100 3000 250 250: 0.44 0.44 0.44 None
////
100 3000 50 50: 0.55 0.55 0.55 None 
100 3000 50 100: 0.43 0.43 0.42999999999999994 None 
100 3000 50 150: 0.48 0.48 0.48 None 
100 3000 50 200: 0.43 0.43 0.42999999999999994 None 
100 3000 50 250: 0.48 0.48 0.48 None 
100 3000 100 50: 0.5 0.5 0.5 None 
100 3000 100 100: 0.55 0.55 0.55 None 
100 3000 100 150: 0.46 0.46 0.46 None 
100 3000 100 200: 0.53 0.53 0.53 None 
100 3000 100 250: 0.53 0.53 0.53 None 
100 3000 150 50: 0.54 0.54 0.54 None 
100 3000 150 100: 0.51 0.51 0.51 None 
100 3000 150 150: 0.48 0.48 0.48 None 
100 3000 150 200: 0.48 0.48 0.48 None 
100 3000 150 250: 0.45 0.45 0.45 None 
100 3000 200 50: 0.58 0.58 0.58 None 
100 3000 200 100: 0.51 0.51 0.51 None 
100 3000 200 150: 0.51 0.51 0.51 None 
100 3000 200 200: 0.47 0.47 0.47 None 
100 3000 200 250: 0.48 0.48 0.48 None 
100 3000 250 50: 0.41 0.41 0.41 None 
100 3000 250 100: 0.57 0.57 0.57 None 
100 3000 250 150: 0.49 0.49 0.49 None 
100 3000 250 200: 0.54 0.54 0.54 None 
100 3000 250 250: 0.5 0.5 0.5 None 
////